"","player","FGP","Positions","salary","DREB","OREB","AST","STL","TOV","BLK","FGM","FGA","REB","FGP_rank","DREB_rank","OREB_rank","AST_rank","BLK_rank","REB_rank","STL_rank","TOV_rank","DREBs","OREBs","ASTs","STLs","TOVs","BLKs","FGMs","FGAs"
"1","Aaron Brooks",0.400852878464819,"PG",2700000,1.15942028985507,0.304347826086957,2.60869565217391,0.144927536231884,1.18840579710145,0.144927536231884,2.72463768115942,6.79710144927536,1.46376811594203,193,248,223,81,211,248,211,96,80,21,180,10,82,10,188,469
"2","Aaron Gordon",0.419230769230769,"PF",4351320,4.52564102564103,1.97435897435897,1.64102564102564,0.705128205128205,0.846153846153846,0.705128205128205,3.51282051282051,7.42307692307692,6.5,154,65,43,151,57,55,56,42,353,154,128,55,66,55,274,579
"3","Al-Farouq Aminu",0.392059553349876,"SF",7680965,4.89024390243902,1.19512195121951,1.68292682926829,0.646341463414634,1.46341463414634,0.646341463414634,3.64634146341463,8.76829268292683,6.08536585365854,208,56,80,149,62,66,62,145,401,98,138,53,120,53,299,719
"4","Al Horford",0.469613259668508,"C",26540100,5.46341463414634,1.80487804878049,3.20731707317073,1.47560975609756,1.30487804878049,1.47560975609756,6.45121951219512,12.780487804878,7.26829268292683,53,35,54,63,14,41,14,115,448,148,263,121,107,121,529,1048
"5","Al Jefferson",0.478184991273996,"C",10230179,5.19148936170213,1.21276595744681,1.48936170212766,0.872340425531915,0.723404255319149,0.872340425531915,5.21276595744681,10.7446808510638,6.40425531914894,42,46,78,161,42,58,42,22,244,57,70,41,34,41,245,505
"6","Alec Burks",0.395705521472393,"SG",9904495,3,0.516129032258065,2.03225806451613,0.129032258064516,1.64516129032258,0.129032258064516,4.41935483870968,10.7741935483871,3.51612903225806,205,142,175,111,221,154,221,164,93,16,63,4,51,4,137,334
"7","Alex Len",0.361161524500907,"C",4823621,5.33333333333333,2.28205128205128,1.24358974358974,0.794871794871795,1.85897435897436,0.794871794871795,3.38461538461538,8,7.61538461538461,239,40,30,183,48,34,48,183,416,178,97,62,145,62,264,624
"8","Allen Crabbe",0.457994579945799,"SG",18500000,2.33333333333333,0.333333333333333,1.22222222222222,0.197530864197531,0.790123456790123,0.197530864197531,3.83950617283951,8.37037037037037,2.66666666666667,68,188,212,185,194,201,194,34,189,27,99,16,64,16,311,678
"9","Amir Johnson",0.549397590361446,"PF",12000000,4.13924050632911,2.25316455696203,1.74683544303797,1.05063291139241,1.18987341772152,1.05063291139241,3.15189873417722,5.39240506329114,6.39240506329114,5,82,32,141,35,59,35,97,327,178,138,83,94,83,249,426
"10","Andre Drummond",0.475076297049847,"C",22116750,9.91358024691358,4.87654320987654,0.827160493827161,1.38271604938272,1.91358024691358,1.38271604938272,6.81481481481481,13.0864197530864,14.7901234567901,49,2,1,225,20,1,20,189,803,395,67,112,155,112,552,1060
"11","Andre Iguodala",0.415611814345992,"SF",11131368,3.24615384615385,0.8,3.36923076923077,0.292307692307692,1.21538461538462,0.292307692307692,2.70769230769231,5.66153846153846,4.04615384615385,161,122,123,58,147,128,147,100,211,52,219,19,79,19,176,368
"12","Andre Roberson",0.426751592356688,"SF",2183072,2.45714285714286,1.12857142857143,0.671428571428571,0.6,0.5,0.6,1.94285714285714,3.91428571428571,3.58571428571429,131,182,89,240,73,149,73,3,172,79,47,42,35,42,136,274
"13","Andrew Wiggins",0.430213464696223,"SF",6006600,2.2962962962963,1.2962962962963,2.02469135802469,0.567901234567901,2.24691358024691,0.567901234567901,7.33333333333333,15.9753086419753,3.59259259259259,122,191,71,113,76,148,76,204,186,105,164,46,182,46,594,1294
"14","Anthony Davis",0.441441441441441,"PF",22116750,8.14754098360656,2.13114754098361,1.90163934426229,2.04918032786885,1.98360655737705,2.04918032786885,9.18032786885246,18.6229508196721,10.2786885245902,101,7,36,123,3,8,3,193,497,130,116,125,121,125,560,1136
"15","Anthony Morrow",0.411764705882353,"SG",3488000,0.764705882352941,0.147058823529412,0.352941176470588,0.0735294117647059,0.25,0.0735294117647059,2,4.89705882352941,0.911764705882353,171,250,249,250,237,250,237,1,52,10,24,5,17,5,136,333
"16","Anthony Tolliver",0.381381381381381,"PF",8000000,2.63888888888889,0.541666666666667,0.722222222222222,0.222222222222222,0.388888888888889,0.222222222222222,1.77777777777778,4.61111111111111,3.18055555555556,224,170,167,236,183,174,183,2,190,39,52,16,28,16,128,332
"17","Archie Goodwin",0.389447236180905,"SG",2350999,2.01754385964912,0.473684210526316,2.07017543859649,0.228070175438596,1.75438596491228,0.228070175438596,3.08771929824561,7.40350877192982,2.49122807017544,216,213,183,109,177,209,177,176,115,27,118,13,100,13,176,422
"18","Aron Baynes",0.460674157303371,"C",6500000,3.01234567901235,1.72839506172839,0.62962962962963,0.641975308641975,0.827160493827161,0.641975308641975,2.39506172839506,4.74074074074074,4.74074074074074,63,137,56,242,64,102,64,40,244,140,51,52,67,52,194,384
"19","Arron Afflalo",0.441656210790464,"SG",12500000,3.42253521126761,0.323943661971831,2.02816901408451,0.140845070422535,1.15492957746479,0.140845070422535,4.98591549295775,11.2535211267606,3.74647887323944,100,111,217,112,212,142,212,91,243,23,144,10,82,10,354,799
"20","Austin Rivers",0.43455497382199,"PG",11000000,1.61194029850746,0.328358208955224,1.47761194029851,0.134328358208955,0.91044776119403,0.134328358208955,3.37313432835821,7.70149253731343,1.94029850746269,113,237,215,163,216,235,216,52,108,22,99,9,61,9,226,516
"21","Avery Bradley",0.435340572556762,"SG",8269663,2.26315789473684,0.631578947368421,2.07894736842105,0.25,1.43421052631579,0.25,6,13.4078947368421,2.89473684210526,111,193,150,107,167,190,166,139,172,48,158,19,109,19,456,1019
"22","Ben McLemore",0.406466512702079,"SG",4008882,1.67647058823529,0.5,1.16176470588235,0.147058823529412,1.45588235294118,0.147058823529412,2.86764705882353,6.69117647058824,2.17647058823529,186,231,178,195,209,227,208,143,114,34,79,10,99,10,195,455
"23","Blake Griffin",0.468152866242038,"PF",20093064,6.94285714285714,1.45714285714286,4.85714285714286,0.485714285714286,2.37142857142857,0.485714285714286,8.6,17.2285714285714,8.4,55,13,65,31,93,22,93,214,243,51,170,17,83,17,301,603
"24","Bobby Portis",0.405339805825243,"PF",1404600,3.45161290322581,1.98387096774194,0.838709677419355,0.354838709677419,0.870967741935484,0.354838709677419,3,7.03225806451613,5.43548387096774,189,109,42,224,126,81,126,46,214,123,52,22,54,22,186,436
"25","Bojan Bogdanovic",0.42312925170068,"SG",3573020,2.77215189873418,0.455696202531646,1.25316455696203,0.0632911392405063,1.45569620253165,0.0632911392405063,4.10126582278481,9.48101265822785,3.22784810126582,144,162,189,182,241,171,241,142,219,36,99,5,115,5,324,749
"26","Boris Diaw",0.51981351981352,"C",7000000,2.30263157894737,0.763157894736842,2.31578947368421,0.276315789473684,1.27631578947368,0.276315789473684,2.65789473684211,5.03947368421053,3.06578947368421,11,190,128,96,153,180,153,110,175,58,176,21,97,21,202,383
"27","Bradley Beal",0.437740693196406,"SG",22116750,2.67272727272727,0.745454545454545,2.94545454545455,0.2,2.03636363636364,0.2,6.52727272727273,14.5272727272727,3.41818181818182,107,167,131,71,193,158,193,195,147,41,162,11,112,11,359,799
"28","Brandon Jennings",0.368421052631579,"PG",5587318,1.66666666666667,0.333333333333333,3.54166666666667,0.145833333333333,1.1875,0.145833333333333,2.33333333333333,6.33333333333333,2,235,232,213,56,210,233,210,95,80,16,170,7,57,7,112,304
"29","Brandon Knight",0.411896745230079,"PG",12606250,3.19230769230769,0.692307692307692,5.05769230769231,0.384615384615385,3.40384615384615,0.384615384615385,7.13461538461539,17.2115384615385,3.88461538461539,170,126,145,28,115,134,115,243,166,36,263,20,177,20,371,895
"30","Brook Lopez",0.492307692307692,"C",21165675,5.05479452054795,2.79452054794521,2,1.6986301369863,2.3972602739726,1.6986301369863,8.0958904109589,15.8493150684932,7.84931506849315,27,52,13,114,8,28,8,215,369,204,146,124,175,124,591,1157
"31","Cameron Payne",0.396039603960396,"PG",2112480,1.33333333333333,0.157894736842105,1.89473684210526,0.105263157894737,0.771929824561403,0.105263157894737,2,4.87719298245614,1.49122807017544,203,245,247,124,230,246,230,31,76,9,108,6,44,6,114,278
"32","Carmelo Anthony",0.426791277258567,"SF",24559380,6.36111111111111,1.36111111111111,4.15277777777778,0.527777777777778,2.44444444444444,0.527777777777778,7.875,18.1527777777778,7.72222222222222,130,18,68,43,83,31,83,217,458,98,299,38,176,38,567,1307
"33","Chandler Parsons",0.477093206951027,"SF",22116750,4.19672131147541,0.475409836065574,2.77049180327869,0.344262295081967,1.55737704918033,0.344262295081967,5.24590163934426,10.672131147541,4.67213114754098,44,79,182,73,131,107,131,155,256,29,169,21,95,21,320,651
"34","Channing Frye",0.447761194029851,"PF",7806971,2.84285714285714,0.5,1.01428571428571,0.4,0.614285714285714,0.4,2.17142857142857,4.95714285714286,3.34285714285714,85,153,177,208,113,164,113,10,199,35,71,28,43,28,152,347
"35","Chris Bosh",0.451612903225806,"PF",23741060,6.45283018867925,0.905660377358491,2.41509433962264,0.641509433962264,1.47169811320755,0.641509433962264,6.75471698113208,14.4716981132075,7.35849056603774,75,17,111,90,66,37,66,146,342,48,128,34,78,34,358,767
"36","Chris Paul",0.462962962962963,"PG",22868827,3.66216216216216,0.527027027027027,9.97297297297297,0.175675675675676,2.62162162162162,0.175675675675676,6.95945945945946,15.0540540540541,4.18918918918919,60,100,170,4,201,120,201,226,271,39,738,13,194,13,515,1114
"37","CJ McCollum",0.442521631644005,"SG",3219579,2.65,0.5875,4.2625,0.2875,2.45,0.2875,8.0125,17.8875,3.2375,97,169,160,41,149,169,150,219,212,47,341,23,196,23,641,1431
"38","CJ Miles",0.391437308868502,"SF",4583450,2.34375,0.390625,0.984375,0.453125,1.09375,0.453125,4.046875,9.90625,2.734375,210,187,204,209,103,197,103,84,150,25,63,29,70,29,259,634
"39","Clint Capela",0.496875,"C",1296240,3.8961038961039,2.51948051948052,0.61038961038961,1.19480519480519,0.779220779220779,1.19480519480519,3,5.15584415584416,6.41558441558442,24,93,21,245,26,57,26,32,300,194,47,92,60,92,231,397
"40","Cody Zeller",0.474452554744526,"C",5318313,4.34246575342466,1.89041095890411,0.972602739726027,0.863013698630137,0.931506849315068,0.863013698630137,3.16438356164384,5.98630136986301,6.23287671232877,50,72,48,211,43,62,43,56,317,138,71,63,68,63,231,437
"41","Corey Brewer",0.364601769911504,"SF",7612172,1.91463414634146,0.51219512195122,1.32926829268293,0.231707317073171,0.951219512195122,0.231707317073171,2.58536585365854,6.73170731707317,2.42682926829268,238,222,176,179,174,216,174,62,157,42,109,19,78,19,212,552
"42","Cory Joseph",0.44474761255116,"PG",7315000,2.1375,0.4875,3.125,0.25,1.275,0.25,3.2125,7.3125,2.625,92,205,179,65,166,203,168,109,171,39,250,20,102,20,257,585
"43","Courtney Lee",0.448175182481752,"SG",11242000,2.22784810126582,0.367088607594937,1.72151898734177,0.354430379746835,0.911392405063291,0.354430379746835,3.67088607594937,8.08860759493671,2.59493670886076,83,197,207,144,127,204,127,53,176,29,136,28,72,28,290,639
"44","D'Angelo Russell",0.408805031446541,"PG",5332800,2.8375,0.5875,3.325,0.1625,2.45,0.1625,4.9,11.95,3.425,180,154,159,60,203,157,203,218,227,47,266,13,196,13,392,956
"45","Damian Lillard",0.409037558685446,"PG",24328425,3.42666666666667,0.6,6.82666666666667,0.373333333333333,3.22666666666667,0.373333333333333,8.24,19.6533333333333,4.02666666666667,179,110,156,9,118,131,118,239,257,45,512,28,242,28,618,1474
"46","Danilo Gallinari",0.37821482602118,"SF",15050000,4.32075471698113,0.981132075471698,2.54716981132075,0.358490566037736,1.45283018867925,0.358490566037736,5.41509433962264,13.2075471698113,5.30188679245283,227,73,102,84,121,85,121,141,229,52,135,19,77,19,287,700
"47","Danny Green",0.381877022653722,"SG",10000000,3.22784810126582,0.607594936708861,1.78481012658228,0.810126582278481,0.949367088607595,0.810126582278481,2.67088607594937,7.10126582278481,3.83544303797468,223,124,154,134,47,136,47,61,255,48,141,64,75,64,211,561
"48","Dante Cunningham",0.429667519181586,"PF",3000000,2.2375,0.7125,0.9625,0.4125,0.5125,0.4125,2.325,5.15,2.95,124,196,136,212,110,185,110,4,179,57,77,33,41,33,186,412
"49","Darrell Arthur",0.44,"PF",8070175,2.95714285714286,1.22857142857143,1.37142857142857,0.685714285714286,0.942857142857143,0.685714285714286,3.15714285714286,6.98571428571429,4.18571428571429,104,147,76,177,61,121,61,59,207,86,96,48,66,48,221,489
"50","Darren Collison",0.483160621761658,"PG",5229454,1.90540540540541,0.378378378378378,4.2972972972973,0.0540540540540541,1.75675675675676,0.0540540540540541,5.09459459459459,10.4864864864865,2.28378378378378,38,223,205,40,245,221,245,177,141,28,318,4,130,4,377,776
"51","David Lee",0.516819571865443,"PF",1551659,3.70909090909091,1.83636363636364,1.52727272727273,0.509090909090909,1.2,0.509090909090909,3.23636363636364,6.09090909090909,5.54545454545454,12,98,50,155,87,74,87,98,204,101,84,28,66,28,178,335
"52","David West",0.526639344262295,"PF",1551659,3.03846153846154,0.923076923076923,1.83333333333333,0.705128205128205,0.871794871794872,0.705128205128205,3.12820512820513,5.74358974358974,3.96153846153846,9,134,109,131,56,133,57,47,237,72,143,55,68,55,244,448
"53","DeAndre Jordan",0.561933534743202,"C",21165675,10.2857142857143,3.46753246753247,1.16883116883117,2.2987012987013,1.38961038961039,2.2987012987013,4.63636363636364,6.5974025974026,13.7532467532468,2,1,3,193,2,2,2,128,792,267,90,177,107,177,357,508
"54","DeMar DeRozan",0.424870466321244,"SG",26540100,3.65384615384615,0.82051282051282,4.03846153846154,0.269230769230769,2.24358974358974,0.269230769230769,7.87179487179487,17.6538461538462,4.47435897435897,140,101,121,47,157,110,157,203,285,64,315,21,175,21,614,1377
"55","DeMarcus Cousins",0.426190476190476,"PF",15756438,9.06153846153846,2.43076923076923,3.29230769230769,1.41538461538462,3.83076923076923,1.41538461538462,9.24615384615385,20.4923076923077,11.4923076923077,132,3,24,61,17,5,17,246,589,158,214,92,249,92,601,1332
"56","DeMarre Carroll",0.380614657210402,"SF",14200000,3.5,1.19230769230769,1.03846153846154,0.230769230769231,1.07692307692308,0.230769230769231,4.03846153846154,10.3846153846154,4.69230769230769,226,107,81,207,175,105,175,83,91,31,27,6,28,6,105,270
"57","Deron Williams",0.411616161616162,"PG",14885520,2.63076923076923,0.292307692307692,5.81538461538462,0.215384615384615,2.30769230769231,0.215384615384615,4.93846153846154,11.9230769230769,2.92307692307692,172,172,227,22,186,189,186,208,171,19,378,14,150,14,321,775
"58","Derrick Favors",0.468027210884354,"PF",11050000,5.38709677419355,2.7258064516129,1.51612903225806,1.46774193548387,1.67741935483871,1.46774193548387,6.74193548387097,13.0806451612903,8.11290322580645,56,38,18,157,15,25,15,166,334,169,94,91,104,91,418,811
"59","Derrick Rose",0.425978987583572,"PG",21323252,2.71212121212121,0.696969696969697,4.71212121212121,0.212121212121212,2.65151515151515,0.212121212121212,6.77272727272727,15.8787878787879,3.40909090909091,134,163,141,35,188,160,188,227,179,46,311,14,175,14,447,1048
"60","Derrick Williams",0.402321083172147,"PF",5020145,3.1125,0.5875,0.9375,0.1125,0.7625,0.1125,3.175,7.0625,3.7,192,131,158,215,226,145,226,29,249,47,75,9,61,9,254,565
"61","Devin Booker",0.417736289381564,"SG",2148360,2.10526315789474,0.355263157894737,2.63157894736842,0.263157894736842,2.10526315789474,0.263157894736842,4.82894736842105,11.4078947368421,2.46052631578947,156,208,209,80,163,212,163,197,160,27,200,20,160,20,367,867
"62","Devin Harris",0.450495049504951,"PG",4227996,1.875,0.28125,1.84375,0.203125,1.03125,0.203125,2.609375,5.84375,2.15625,78,224,230,130,191,229,191,73,120,18,118,13,66,13,167,374
"63","Dion Waiters",0.391463414634146,"SG",2898000,2.12820512820513,0.461538461538462,1.97435897435897,0.192307692307692,1.53846153846154,0.192307692307692,3.61538461538462,9.05128205128205,2.58974358974359,209,207,187,116,195,205,195,152,166,36,154,15,120,15,282,706
"64","Dirk Nowitzki",0.449202350965575,"PF",25000000,5.82666666666667,0.693333333333333,1.76,0.693333333333333,1.12,0.693333333333333,6.64,14.8266666666667,6.52,80,30,143,138,60,53,60,88,437,52,132,52,84,52,498,1112
"65","Doug McDermott",0.446708463949843,"SF",2483040,1.95061728395062,0.45679012345679,0.728395061728395,0.0740740740740741,0.654320987654321,0.0740740740740741,3.59259259259259,7.95061728395062,2.40740740740741,89,217,188,235,236,217,236,13,158,37,59,6,53,6,291,644
"66","Draymond Green",0.448940269749518,"PF",15330435,7.83950617283951,1.65432098765432,7.38271604938272,1.39506172839506,3.19753086419753,1.39506172839506,4.95061728395062,10.1111111111111,9.49382716049383,81,10,57,7,19,12,19,238,635,134,598,113,259,113,401,819
"67","Dwight Howard",0.497863247863248,"C",23500000,8.40845070422535,3.35211267605634,1.38028169014085,1.59154929577465,2.33802816901408,1.59154929577465,5.23943661971831,8.45070422535211,11.7605633802817,23,6,4,173,11,4,11,209,597,238,98,113,166,113,372,600
"68","Dwyane Wade",0.445,"SG",23200000,2.97297297297297,1.10810810810811,4.64864864864865,0.567567567567568,2.74324324324324,0.567567567567568,7.2972972972973,15.9864864864865,4.08108108108108,91,146,91,36,77,126,77,229,220,82,344,42,203,42,540,1183
"69","E'Twaun Moore",0.473958333333333,"SG",8801363,1.93220338983051,0.322033898305085,1.67796610169492,0.305084745762712,0.898305084745763,0.305084745762712,3.16949152542373,6.59322033898305,2.25423728813559,51,219,218,150,143,223,143,50,114,19,99,18,53,18,187,389
"70","Ed Davis",0.578488372093023,"PF",6666667,4.62962962962963,2.76543209876543,1.08641975308642,0.888888888888889,0.790123456790123,0.888888888888889,2.54320987654321,4.16049382716049,7.39506172839506,1,61,15,200,41,36,41,35,375,224,88,72,64,72,206,337
"71","Elfrid Payton",0.430555555555556,"PG",2613600,2.52054794520548,1.05479452054795,6.3972602739726,0.273972602739726,2.42465753424658,0.273972602739726,4.35616438356164,10,3.57534246575342,120,176,97,14,155,150,155,216,184,77,467,20,177,20,318,730
"72","Emmanuel Mudiay",0.353603603603604,"PG",3241800,2.94117647058824,0.470588235294118,5.47058823529412,0.514705882352941,3.19117647058824,0.514705882352941,4.83823529411765,13.3088235294118,3.41176470588235,246,148,184,24,86,159,86,237,200,32,372,35,217,35,329,905
"73","Enes Kanter",0.555555555555556,"C",17145838,5.0609756097561,3.03658536585366,0.402439024390244,0.402439024390244,1.40243902439024,0.402439024390244,5.04878048780488,8.76829268292683,8.09756097560976,3,51,10,248,112,26,112,132,415,249,33,33,115,33,414,719
"74","Eric Bledsoe",0.449691991786448,"PG",14000000,3.45161290322581,0.580645161290323,6.12903225806452,0.612903225806452,3.54838709677419,0.612903225806452,7.19354838709677,15.8709677419355,4.03225806451613,79,108,161,17,71,129,71,245,107,18,190,19,110,19,223,492
"75","Eric Gordon",0.410351201478743,"SG",12385665,1.97777777777778,0.222222222222222,2.68888888888889,0.311111111111111,1.62222222222222,0.311111111111111,5.13333333333333,12.2666666666667,2.2,177,216,241,78,141,226,141,162,89,10,121,14,73,14,231,552
"76","Ersan Ilyasova",0.423368740515933,"PF",8400000,3.5,1.94594594594595,0.905405405405405,0.445945945945946,0.959459459459459,0.445945945945946,3.78378378378378,8.93243243243243,5.44594594594595,143,106,44,218,105,79,105,63,259,144,67,33,71,33,280,661
"77","Evan Fournier",0.455930359085963,"SG",17000000,2.43037974683544,0.417721518987342,2.70886075949367,0.0253164556962025,1.68354430379747,0.0253164556962025,5.43037974683544,11.7594936708861,2.84810126582278,71,184,195,76,248,193,248,168,192,33,214,2,133,2,429,929
"78","Evan Turner",0.44270205066345,"SG",16393443,4.28395061728395,0.617283950617284,4.4320987654321,0.345679012345679,2.08641975308642,0.345679012345679,4.23456790123457,9.2962962962963,4.90123456790124,96,75,153,38,130,99,130,196,347,50,359,28,169,28,343,753
"79","Frank Kaminsky",0.389587073608618,"C",2730000,3.28395061728395,0.851851851851852,1.20987654320988,0.530864197530864,0.716049382716049,0.530864197530864,2.65432098765432,6.48148148148148,4.1358024691358,215,119,116,186,82,124,82,20,266,69,98,43,58,43,215,525
"80","Garrett Temple",0.383367139959432,"SG",8000000,2.2,0.45,1.75,0.225,0.8,0.225,2.5125,6.3125,2.65,220,200,191,140,179,202,180,36,176,36,140,18,64,18,201,505
"81","Gary Harris",0.444137931034483,"SG",1655880,2.18421052631579,0.710526315789474,1.93421052631579,0.236842105263158,1.28947368421053,0.236842105263158,4.72368421052632,10.0657894736842,2.89473684210526,93,203,137,120,172,191,172,113,166,54,147,18,98,18,359,765
"82","Gary Neal",0.464615384615385,NA,72193,1.8,0.275,1.175,0.025,0.725,0.025,3.775,8.125,2.075,58,227,232,191,249,231,249,23,72,11,47,1,29,1,151,325
"83","George Hill",0.443456162642948,"PG",8000000,3.24324324324324,0.783783783783784,3.5,0.22972972972973,1.36486486486486,0.22972972972973,4.40540540540541,9.98648648648649,4.02702702702703,95,123,126,57,176,130,176,125,240,58,259,17,101,17,326,739
"84","Gerald Green",0.367213114754098,"SF",1410598,2,0.36231884057971,0.811594202898551,0.27536231884058,0.666666666666667,0.27536231884058,3.33333333333333,8.50724637681159,2.36231884057971,237,214,208,228,154,218,154,14,138,25,56,19,46,19,230,587
"85","Gerald Henderson",0.416107382550336,"SG",9000000,2.51388888888889,0.416666666666667,1.04166666666667,0.263888888888889,0.944444444444444,0.263888888888889,3.22222222222222,7.34722222222222,2.93055555555556,159,177,197,205,162,187,162,60,181,30,75,19,68,19,232,529
"86","Giannis Antetokounmpo",0.447661469933185,"SF",2995420,6.2375,1.4125,4.3125,1.4125,2.6,1.4125,6.4125,12.6625,7.65,86,19,67,39,18,33,18,225,499,113,345,113,208,113,513,1013
"87","Goran Dragic",0.468952734012975,"PG",15891725,3.09722222222222,0.75,5.81944444444444,0.236111111111111,2.56944444444444,0.236111111111111,5.79166666666667,12.1527777777778,3.84722222222222,54,132,130,21,173,135,173,224,223,54,419,17,185,17,417,875
"88","Gordon Hayward",0.413100436681223,"SF",16073140,4.2,0.7625,3.7,0.3375,2.525,0.3375,6.5125,15.025,4.9625,167,78,129,52,136,94,136,221,336,61,296,27,202,27,521,1202
"89","Gorgui Dieng",0.493282149712092,"PF",2348782,5.21951219512195,1.91463414634146,1.74390243902439,1.17073170731707,1.70731707317073,1.17073170731707,3.75609756097561,7.0609756097561,7.13414634146342,26,43,47,142,28,43,28,172,428,157,143,96,140,96,308,579
"90","Greg Monroe",0.514069264069264,"C",17145838,6.05063291139241,2.75949367088608,2.25316455696203,0.848101265822785,1.63291139240506,0.848101265822785,6.21518987341772,11.9113924050633,8.81012658227848,14,23,16,100,46,19,46,163,478,218,178,67,129,67,491,941
"91","Harrison Barnes",0.415617128463476,"SF",22116750,3.75757575757576,1.16666666666667,1.77272727272727,0.151515151515152,0.863636363636364,0.151515151515152,4.46969696969697,9.59090909090909,4.92424242424242,160,96,84,137,207,95,207,45,248,77,117,10,57,10,295,633
"92","Hassan Whiteside",0.511945392491468,"C",22116750,8.58904109589041,3.26027397260274,0.397260273972603,3.68493150684932,1.87671232876712,3.68493150684932,5.65753424657534,9.34246575342466,11.8493150684931,15,5,8,249,1,3,1,185,627,238,29,269,137,269,413,682
"93","Hollis Thompson",0.396170839469809,NA,1131040,2.83116883116883,0.701298701298701,1.28571428571429,0.311688311688312,0.987012987012987,0.311688311688312,3.50649350649351,8.83116883116883,3.53246753246753,201,155,139,181,140,151,140,67,218,54,99,24,76,24,270,680
"94","Ian Mahinmi",0.554824561403509,"C",16000000,5.19718309859155,1.94366197183099,1.46478873239437,1.05633802816901,1.40845070422535,1.05633802816901,3.71830985915493,6.30985915492958,7.14084507042254,4,45,45,164,33,42,33,134,369,138,104,75,100,75,264,448
"95","Iman Shumpert",0.360230547550432,"SG",9662922,3.16666666666667,0.592592592592593,1.7037037037037,0.351851851851852,1.05555555555556,0.351851851851852,2.11111111111111,5.64814814814815,3.75925925925926,241,127,157,147,128,141,128,77,171,32,92,19,57,19,114,305
"96","Isaiah Canaan",0.3601108033241,"PG",1015696,2,0.25974025974026,1.77922077922078,0.155844155844156,1.18181818181818,0.155844155844156,3.37662337662338,9.37662337662338,2.25974025974026,242,215,234,135,204,222,204,94,154,20,137,12,91,12,260,722
"97","Isaiah Thomas",0.425049966688874,"PG",6587131,2.40243902439024,0.560975609756098,6.20731707317073,0.109756097560976,2.68292682926829,0.109756097560976,7.20731707317073,16.8536585365854,2.96341463414634,136,185,164,16,228,183,228,228,197,46,509,9,220,9,591,1382
"98","Jabari Parker",0.446782178217822,"PF",5374320,3.57894736842105,1.61842105263158,1.71052631578947,0.381578947368421,1.52631578947368,0.381578947368421,5.82894736842105,11.8289473684211,5.19736842105263,88,105,60,146,116,86,116,151,272,123,130,29,116,29,443,899
"99","Jae Crowder",0.416859122401848,"SF",6286408,4.15068493150685,0.958904109589041,1.84931506849315,0.479452054794521,1.13698630136986,0.479452054794521,4.93150684931507,11.1369863013699,5.10958904109589,157,81,106,129,96,91,96,89,303,70,135,35,83,35,360,813
"100","Jahlil Okafor",0.488529014844804,"C",4788840,4.73584905660377,2.30188679245283,1.22641509433962,1.15094339622642,2.33962264150943,1.15094339622642,7.49056603773585,14.7358490566038,7.0377358490566,31,59,28,184,29,44,29,211,251,122,65,61,124,61,397,781
"101","Jamal Crawford",0.400576368876081,"SG",13253012,1.58227848101266,0.253164556962025,2.31645569620253,0.151898734177215,1.43037974683544,0.151898734177215,4.79746835443038,11.8860759493671,1.83544303797468,194,238,237,95,206,239,206,138,125,20,183,12,113,12,379,939
"102","Jameer Nelson",0.368078175895765,"PG",4540525,2.46153846153846,0.487179487179487,4.87179487179487,0.128205128205128,1.69230769230769,0.128205128205128,2.8974358974359,7.87179487179487,2.94871794871795,236,181,180,30,222,186,222,169,96,19,190,5,66,5,113,307
"103","James Harden",0.433019976498237,"SG",26540100,5.34146341463415,0.768292682926829,7.46341463414634,0.621951219512195,4.5609756097561,0.621951219512195,8.65853658536585,19.719512195122,6.10975609756098,116,39,127,6,68,65,69,250,438,63,612,51,374,51,710,1617
"104","JaMychal Green",0.43254817987152,"PF",980431,3,1.78205128205128,0.858974358974359,0.423076923076923,1.06410256410256,0.423076923076923,2.94871794871795,6.34615384615385,4.78205128205128,117,139,55,221,109,101,109,80,234,139,67,33,83,33,230,495
"105","Jared Dudley",0.478439425051335,"SF",10470000,2.8641975308642,0.666666666666667,2.11111111111111,0.222222222222222,0.987654320987654,0.222222222222222,2.87654320987654,6.01234567901235,3.53086419753086,40,152,149,105,182,152,182,68,232,54,171,18,80,18,233,487
"106","Jared Sullinger",0.425178147268409,NA,5628000,5.91358024691358,2.39506172839506,2.30864197530864,0.580246913580247,1.25925925925926,0.580246913580247,4.33333333333333,9.95061728395062,8.30864197530864,135,28,26,98,75,23,75,106,479,194,187,47,102,47,351,806
"107","Jarrett Jack",0.391061452513966,NA,1571705,3.96875,0.28125,7.375,0.21875,2.9375,0.21875,4.375,11.1875,4.25,211,90,229,8,184,117,184,236,127,9,236,7,94,7,140,358
"108","Jason Smith",0.482,"PF",5000000,2.18421052631579,0.697368421052632,0.815789473684211,0.855263157894737,0.75,0.855263157894737,3.21052631578947,6.61842105263158,2.88157894736842,39,202,140,227,44,192,44,26,166,53,62,65,57,65,244,503
"109","Jason Terry",0.396135265700483,"SG",1551659,0.902777777777778,0.194444444444444,1.43055555555556,0.125,0.680555555555556,0.125,2.09722222222222,5.22222222222222,1.09722222222222,202,249,244,167,223,249,223,18,65,14,103,9,49,9,151,376
"110","Jeff Green",0.405569007263923,"SF",15000000,3.225,0.925,1.725,0.5,1.1625,0.5,4.425,10.3,4.15,187,125,108,143,91,123,91,92,258,74,138,40,93,40,354,824
"111","Jeff Teague",0.431159420289855,"PG",8000000,2.29113924050633,0.417721518987342,5.94936708860759,0.30379746835443,2.75949367088608,0.30379746835443,5.49367088607595,12.506329113924,2.70886075949367,119,192,196,20,144,199,144,230,181,33,470,24,218,24,434,988
"112","Jerami Grant",0.360902255639098,"SF",980431,3.4025974025974,1.28571428571429,1.75324675324675,1.64935064935065,1.42857142857143,1.64935064935065,3.25974025974026,7.77922077922078,4.68831168831169,240,112,72,139,10,106,10,137,262,99,135,127,110,127,251,599
"113","Jeremy Lamb",0.446850393700787,"SG",7000000,3.15151515151515,0.666666666666667,1.16666666666667,0.454545454545455,0.757575757575758,0.454545454545455,3.48484848484848,7.72727272727273,3.81818181818182,87,128,148,194,102,140,102,28,208,44,77,30,50,30,230,510
"114","Jeremy Lin",0.411392405063291,"PG",11483254,2.70512820512821,0.538461538461538,3.01282051282051,0.538461538461538,1.92307692307692,0.538461538461538,3.84615384615385,9.33333333333333,3.24358974358974,175,165,168,70,78,168,78,190,211,42,235,42,150,42,300,728
"115","Jerian Grant",0.386010362694301,"PG",1643040,1.57894736842105,0.302631578947368,2.32894736842105,0.131578947368421,1.14473684210526,0.131578947368421,2.02631578947368,5.14473684210526,1.88157894736842,217,239,224,93,218,237,218,90,120,23,177,10,87,10,154,391
"116","Jerryd Bayless",0.418981481481481,"PG",9424084,2.30769230769231,0.403846153846154,3.13461538461538,0.211538461538462,1.40384615384615,0.211538461538462,3.55769230769231,8.40384615384615,2.71153846153846,155,189,201,64,189,198,189,133,120,21,163,11,73,11,185,437
"117","Jimmy Butler",0.422564102564103,"SF",17552209,4.16417910447761,1.17910447761194,4.7910447761194,0.641791044776119,1.97014925373134,0.641791044776119,7.01492537313433,15.4477611940299,5.34328358208955,147,80,82,32,65,84,65,192,279,79,321,43,132,43,470,1035
"118","JJ Redick",0.475495307612096,"SG",7377500,1.72,0.133333333333333,1.41333333333333,0.0666666666666667,1.04,0.0666666666666667,5.62666666666667,11.7333333333333,1.85333333333333,47,229,250,170,238,238,238,74,129,10,106,5,78,5,422,880
"119","Joe Johnson",0.43756145526057,"SF",11000000,3,0.604938271604938,3.92592592592593,0.0493827160493827,1.96296296296296,0.0493827160493827,4.65432098765432,10.6049382716049,3.60493827160494,108,138,155,48,246,147,246,191,243,49,318,4,159,4,377,859
"120","Joffrey Lauvergne",0.476744186046512,"C",1709719,3.61016949152542,1.30508474576271,0.949152542372881,0.254237288135593,0.915254237288136,0.254237288135593,3.30508474576271,6.44067796610169,4.91525423728814,45,104,70,214,164,97,164,54,213,77,56,15,54,15,195,380
"121","John Wall",0.407350689127106,"PG",15756438,4.37662337662338,0.545454545454545,10.2467532467532,0.766233766233766,4.12987012987013,0.766233766233766,7.42857142857143,17.5194805194805,4.92207792207792,183,69,166,3,50,96,50,248,337,42,789,59,318,59,572,1349
"122","Jon Leuer",0.448275862068966,"PF",10991957,4.43283582089552,1.13432835820896,1.07462686567164,0.447761194029851,1.11940298507463,0.447761194029851,3.34328358208955,6.95522388059702,5.56716417910448,82,66,87,201,104,73,104,87,297,76,72,30,75,30,224,466
"123","Jonas Jerebko",0.41358024691358,"PF",5000000,2.70512820512821,0.987179487179487,0.794871794871795,0.307692307692308,0.666666666666667,0.307692307692308,1.51282051282051,3.66666666666667,3.69230769230769,163,164,101,230,142,146,142,15,211,77,62,24,52,24,118,286
"124","Jonas Valanciunas",0.540362438220758,"C",14382023,6.05,3.06666666666667,0.7,1.33333333333333,1.41666666666667,1.33333333333333,5.05,8.93333333333333,9.11666666666667,8,24,9,237,23,14,23,135,363,184,42,80,85,80,303,536
"125","Jordan Clarkson",0.426046511627907,"PG",12500000,2.78481012658228,1.17721518987342,2.43037974683544,0.0886075949367089,1.70886075949367,0.0886075949367089,6.0126582278481,13.8987341772152,3.9620253164557,133,160,83,89,233,132,233,173,220,93,192,7,135,7,475,1098
"126","Jordan Hill",0.484848484848485,"PF",4000000,4.04109589041096,2.13698630136986,1.19178082191781,0.506849315068493,1.26027397260274,0.506849315068493,3.80821917808219,7.52054794520548,6.17808219178082,35,87,35,188,89,63,89,107,295,156,87,37,92,37,278,549
"127","Jose Calderon",0.459340659340659,"PG",7708427,2.875,0.305555555555556,4.13888888888889,0.0972222222222222,1.20833333333333,0.0972222222222222,2.90277777777778,6.31944444444444,3.18055555555556,66,151,221,44,231,175,231,99,207,22,298,7,87,7,209,455
"128","Josh Richardson",0.411594202898551,"SG",874636,1.65384615384615,0.403846153846154,1.40384615384615,0.480769230769231,0.673076923076923,0.480769230769231,2.36538461538462,5.23076923076923,2.05769230769231,173,233,202,171,95,232,95,16,86,21,73,25,35,25,123,272
"129","Josh Smith",0.35243553008596,NA,14000000,2.56363636363636,0.927272727272727,1.63636363636364,0.854545454545454,1.4,0.854545454545454,2.30909090909091,6.34545454545455,3.49090909090909,247,174,107,152,45,156,45,130,141,51,90,47,77,47,127,349
"130","Jrue Holiday",0.43304535637149,"PG",11000000,2.58461538461538,0.415384615384615,6.01538461538462,0.338461538461538,2.56923076923077,0.338461538461538,6.30769230769231,14.3846153846154,3,115,173,198,19,135,182,135,223,168,27,391,22,167,22,410,935
"131","Julius Randle",0.395913154533844,"PF",3267120,8.11111111111111,2.12345679012346,1.77777777777778,0.358024691358025,1.83950617283951,0.358024691358025,4.41975308641975,10.3086419753086,10.2345679012346,204,8,37,136,124,9,122,180,657,172,144,29,149,29,358,835
"132","Justise Winslow",0.406614785992218,"SF",2593440,4.12820512820513,1.03846153846154,1.51282051282051,0.333333333333333,1.21794871794872,0.333333333333333,2.5,5.92307692307692,5.16666666666667,185,83,99,159,137,87,137,101,322,81,118,26,95,26,195,462
"133","Karl-Anthony Towns",0.523330283623056,"C",5960160,7.67073170731707,2.79268292682927,1.96341463414634,1.68292682926829,2.23170731707317,1.68292682926829,7.6219512195122,14.0609756097561,10.4634146341463,10,11,14,117,9,7,9,202,629,229,161,138,183,138,625,1153
"134","Kawhi Leonard",0.476351351351351,"SF",17638063,5.52777777777778,1.31944444444444,2.58333333333333,0.986111111111111,1.45833333333333,0.986111111111111,7.65277777777778,15.1388888888889,6.84722222222222,46,33,69,82,37,49,37,144,398,95,186,71,105,71,551,1090
"135","Kelly Olynyk",0.440647482014388,"C",3094013,3.02898550724638,1.04347826086957,1.52173913043478,0.478260869565217,1.07246376811594,0.478260869565217,3.66666666666667,8.05797101449275,4.07246376811594,103,136,98,156,97,127,97,82,209,72,105,33,74,33,253,556
"136","Kemba Walker",0.420485175202156,"PG",12000000,3.71604938271605,0.691358024691358,5.19753086419753,0.481481481481481,2.11111111111111,0.481481481481481,7.01234567901235,16.4320987654321,4.40740740740741,151,97,146,27,94,113,94,199,301,56,421,39,171,39,568,1331
"137","Kenneth Faried",0.505514705882353,"PF",12078652,5.16417910447761,3.50746268656716,1.17910447761194,0.895522388059702,1.35820895522388,0.895522388059702,5.2089552238806,9.34328358208955,8.67164179104478,18,47,2,190,40,20,40,121,346,235,79,60,91,60,349,626
"138","Kent Bazemore",0.423728813559322,"SF",15730337,4.68,0.373333333333333,2.28,0.506666666666667,1.84,0.506666666666667,4.26666666666667,9.66666666666667,5.05333333333333,142,60,206,99,90,92,90,181,351,28,171,38,138,38,320,725
"139","Kentavious Caldwell-Pope",0.40793489318413,"SG",3678319,2.78947368421053,0.921052631578947,1.81578947368421,0.223684210526316,1.38157894736842,0.223684210526316,5.30263157894737,12.6315789473684,3.71052631578947,181,159,110,133,181,144,181,126,212,70,138,17,105,17,403,960
"140","Kevin Durant",0.459749552772809,"SF",26540100,7.55555555555556,0.625,5.01388888888889,1.18055555555556,3.47222222222222,1.18055555555556,9.69444444444444,19.1805555555556,8.18055555555556,64,12,151,29,27,24,27,244,544,45,361,85,250,85,698,1381
"141","Kevin Love",0.404682274247492,"PF",21165675,7.96103896103896,1.93506493506494,2.4025974025974,0.532467532467532,1.84415584415584,0.532467532467532,5.31168831168831,12.6883116883117,9.8961038961039,191,9,46,91,79,10,79,182,613,149,185,41,142,41,409,977
"142","Kevin Martin",0.358974358974359,NA,3336000,1.74545454545455,0.254545454545455,1.05454545454545,0.0545454545454545,0.981818181818182,0.0545454545454545,2.83636363636364,7.61818181818182,2,243,228,236,202,244,234,244,66,96,14,58,3,54,3,156,419
"143","Khris Middleton",0.433422698838248,"SG",15200000,3.26582278481013,0.556962025316456,4.18987341772152,0.240506329113924,2.27848101265823,0.240506329113924,6.41772151898734,14.4556962025316,3.82278481012658,114,120,165,42,171,139,171,207,258,44,331,19,180,19,507,1142
"144","Klay Thompson",0.461117196056955,"SG",16663575,3.3875,0.4375,2.075,0.6125,1.725,0.6125,8.1375,17.325,3.825,62,114,193,108,72,137,72,174,271,35,166,49,138,49,651,1386
"145","Kosta Koufos",0.514084507042254,"C",8046500,3.25641025641026,2.16666666666667,0.423076923076923,0.897435897435897,0.615384615384615,0.897435897435897,3.02564102564103,5.69230769230769,5.42307692307692,13,121,33,247,39,82,39,11,254,169,33,70,48,70,236,444
"146","Kris Humphries",0.38562091503268,"PF",8630000,3.0377358490566,1.07547169811321,0.679245283018868,0.433962264150943,0.716981132075472,0.433962264150943,2.28301886792453,5.56603773584906,4.11320754716981,218,135,94,239,108,125,108,21,161,57,36,23,38,23,121,295
"147","Kristaps Porzingis",0.392344497607655,"PF",4317720,5.47222222222222,1.83333333333333,1.30555555555556,1.86111111111111,1.68055555555556,1.86111111111111,5.18055555555556,12.3055555555556,7.30555555555556,207,34,51,180,6,40,6,167,394,132,94,134,121,134,373,886
"148","Kyle Anderson",0.441935483870968,"SG",1192080,2.80769230769231,0.320512820512821,1.57692307692308,0.371794871794872,0.756410256410256,0.371794871794872,1.76923076923077,3.78205128205128,3.12820512820513,99,158,219,154,119,176,119,27,219,25,123,29,59,29,138,295
"149","Kyle Korver",0.437047756874096,"SG",5239437,3.075,0.175,2.05,0.4375,1.225,0.4375,3.35,7.7125,3.25,109,133,246,110,107,167,107,103,246,14,164,35,98,35,268,617
"150","Kyle Lowry",0.420811518324607,"PG",12000000,4.02597402597403,0.714285714285714,6.41558441558442,0.441558441558442,2.92207792207792,0.441558441558442,6.64935064935065,15.5584415584416,4.74025974025974,150,88,135,13,106,103,106,234,310,55,494,34,225,34,512,1198
"151","Kyrie Irving",0.456153846153846,"PG",17638063,2.13207547169811,0.830188679245283,4.71698113207547,0.339622641509434,2.33962264150943,0.339622641509434,7.43396226415094,16.5849056603774,2.9622641509434,69,206,119,34,134,184,134,210,113,44,250,18,124,18,394,879
"152","LaMarcus Aldridge",0.500848896434635,"PF",20575005,6.16216216216216,2.37837837837838,1.48648648648649,1.09459459459459,1.33783783783784,1.09459459459459,7.24324324324324,14.1216216216216,8.54054054054054,21,22,27,162,31,21,31,118,456,176,110,81,99,81,536,1045
"153","Lance Stephenson",0.478346456692913,"SG",5371672,2.65217391304348,0.579710144927536,1.92753623188406,0.130434782608696,1.36231884057971,0.130434782608696,3.30434782608696,6.8695652173913,3.23188405797101,41,168,162,121,219,170,219,122,183,40,133,9,94,9,228,474
"154","Lance Thomas",0.43048128342246,"SF",6191000,1.64406779661017,0.576271186440678,0.898305084745763,0.11864406779661,0.966101694915254,0.11864406779661,2.86440677966102,6.47457627118644,2.22033898305085,121,234,163,219,224,225,224,64,97,34,53,7,57,7,169,382
"155","Langston Galloway",0.390784982935154,"SG",5200000,2.98780487804878,0.524390243902439,2.52439024390244,0.268292682926829,0.74390243902439,0.268292682926829,2.81707317073171,7.17073170731707,3.51219512195122,212,143,172,85,158,155,158,24,245,43,207,22,61,22,231,588
"156","Lavoy Allen",0.486033519553073,"PF",3500000,3.31645569620253,2.0506329113924,0.962025316455696,0.531645569620253,0.873417721518987,0.531645569620253,2.41772151898734,4.68354430379747,5.36708860759494,34,117,39,213,80,83,80,48,262,162,76,42,69,42,191,370
"157","Leandro Barbosa",0.483588621444201,"SG",4000000,1.30882352941176,0.411764705882353,1.20588235294118,0.147058823529412,0.779411764705882,0.147058823529412,2.51470588235294,5.44117647058824,1.72058823529412,37,246,199,187,208,244,209,33,89,28,82,10,53,10,171,370
"158","LeBron James",0.493286631640397,"SF",30963450,5.97368421052632,1.46052631578947,6.76315789473684,0.644736842105263,3.27631578947368,0.644736842105263,9.69736842105263,18.6315789473684,7.43421052631579,25,27,63,10,63,35,63,241,454,111,514,49,249,49,737,1416
"159","Luis Scola",0.439490445859873,NA,5000000,3.63157894736842,1.10526315789474,0.868421052631579,0.355263157894737,0.894736842105263,0.355263157894737,3.53947368421053,7.86842105263158,4.73684210526316,105,102,93,220,125,104,125,49,276,84,66,27,68,27,269,598
"160","Luol Deng",0.442240373395566,"SF",18000000,4.52702702702703,1.45945945945946,1.89189189189189,0.391891891891892,1.09459459459459,0.391891891891892,4.58108108108108,10.0675675675676,5.98648648648649,98,64,64,125,114,69,114,85,335,108,140,29,81,29,339,745
"161","Manu Ginobili",0.447916666666667,"SG",14000000,2.06896551724138,0.448275862068966,3.05172413793103,0.189655172413793,1.70689655172414,0.189655172413793,3.39655172413793,7.5,2.51724137931035,84,209,192,67,198,207,198,171,120,26,177,11,99,11,197,435
"162","Marc Gasol",0.455988455988456,"C",21165675,5.84615384615385,1.11538461538462,3.76923076923077,1.34615384615385,2.26923076923077,1.34615384615385,6.30769230769231,13.5961538461538,6.96153846153846,70,29,90,50,22,46,22,205,304,58,196,70,118,70,328,707
"163","Marcin Gortat",0.548076923076923,"C",12000000,6.92,2.96,1.41333333333333,1.28,1.61333333333333,1.28,5.77333333333333,10.1866666666667,9.88,6,14,11,169,24,11,24,160,519,222,106,96,121,96,433,764
"164","Marco Belinelli",0.380952380952381,"SG",6333333,1.57352941176471,0.147058823529412,1.86764705882353,0.0294117647058824,1.17647058823529,0.0294117647058824,3.60294117647059,9.33823529411765,1.72058823529412,225,240,248,127,247,245,247,93,107,10,127,2,80,2,245,635
"165","Marcus Morris",0.426816786079836,"PF",4625000,3.9125,1.1375,2.5125,0.2875,1.75,0.2875,5.125,11.8125,5.05,129,92,86,86,150,93,149,175,313,91,201,23,140,23,410,945
"166","Marcus Smart",0.343103448275862,"PG",3578880,2.9344262295082,1.24590163934426,3.0327868852459,0.295081967213115,1.31147540983607,0.295081967213115,3.01639344262295,8.67213114754098,4.18032786885246,249,149,74,69,145,122,146,117,179,76,185,18,80,18,184,529
"167","Marcus Thornton",0.398523985239852,NA,1315448,1.83606557377049,0.622950819672131,1.37704918032787,0.0655737704918033,0.836065573770492,0.0655737704918033,3.54098360655738,8.88524590163934,2.45901639344262,198,226,152,175,240,213,240,41,112,38,84,4,51,4,216,542
"168","Mario Hezonja",0.413533834586466,"SG",3909840,1.87341772151899,0.354430379746835,1.37974683544304,0.215189873417722,1.22784810126582,0.215189873417722,2.29113924050633,5.29113924050633,2.22784810126582,164,225,210,174,187,224,187,104,148,28,109,17,97,17,181,418
"169","Markieff Morris",0.395555555555556,"PF",7400000,4.359375,1.140625,1.9375,0.53125,2.109375,0.53125,4.765625,11.21875,5.5,206,71,85,118,81,77,81,198,279,73,124,34,135,34,305,718
"170","Marreese Speights",0.413357400722022,"C",1403611,2.25,1.06944444444444,0.847222222222222,0.472222222222222,0.916666666666667,0.472222222222222,2.73611111111111,6.33333333333333,3.31944444444444,165,194,96,222,100,165,100,55,162,77,61,34,66,34,197,456
"171","Marvin Williams",0.436386768447837,"PF",12250000,4.8641975308642,1.5679012345679,1.35802469135802,0.950617283950617,0.765432098765432,0.950617283950617,4.17283950617284,9.22222222222222,6.4320987654321,110,57,61,178,38,56,38,30,394,127,110,77,62,77,338,747
"172","Mason Plumlee",0.443564356435644,"C",2328530,5.20731707317073,2.45121951219512,2.75609756097561,1.03658536585366,1.8780487804878,1.03658536585366,3.25609756097561,6.30487804878049,7.65853658536585,94,44,22,74,36,32,36,186,427,201,226,85,154,85,267,517
"173","Matt Barnes",0.373461012311901,"SF",6508351,4.42105263157895,1.10526315789474,2.14473684210526,0.75,1.59210526315789,0.75,3.47368421052632,9.11842105263158,5.52631578947368,231,67,92,104,53,76,52,159,336,84,163,57,121,57,264,693
"174","Matthew Dellavedova",0.398290598290598,"PG",9607500,1.69736842105263,0.434210526315789,4.43421052631579,0.118421052631579,1.52631578947368,0.118421052631579,2.72368421052632,6.72368421052632,2.13157894736842,199,230,194,37,225,230,225,150,129,33,337,9,116,9,207,511
"175","Meyers Leonard",0.44131455399061,"PF",9213484,4.31147540983607,0.836065573770492,1.50819672131148,0.295081967213115,1.26229508196721,0.295081967213115,3.19672131147541,7.13114754098361,5.14754098360656,102,74,118,160,146,89,145,108,263,51,92,18,77,18,195,435
"176","Michael Carter-Williams",0.435272045028143,"PG",3183526,4.22222222222222,0.888888888888889,5.2037037037037,0.759259259259259,2.83333333333333,0.759259259259259,4.64814814814815,10.2777777777778,5.11111111111111,112,77,113,26,51,90,51,232,228,48,281,41,153,41,251,555
"177","Mike Conley",0.42158273381295,"PG",26540100,2.46428571428571,0.464285714285714,6.10714285714286,0.285714285714286,1.5,0.285714285714286,5.25,12.4285714285714,2.92857142857143,148,180,185,18,151,188,151,148,138,26,342,16,84,16,294,696
"178","Mike Scott",0.470886075949367,NA,3333333,2.04,0.706666666666667,1.04,0.226666666666667,0.56,0.226666666666667,2.34666666666667,5.01333333333333,2.74666666666667,52,210,138,206,178,195,178,6,153,53,78,17,42,17,176,376
"179","Mirza Teletovic",0.422827496757458,"PF",10500000,3.12658227848101,0.69620253164557,1.12658227848101,0.265822784810127,1.06329113924051,0.265822784810127,4.20253164556962,9.83544303797468,3.82278481012658,146,130,142,196,160,138,160,79,247,55,89,21,84,21,332,777
"180","Monta Ellis",0.424908424908425,"SG",10763500,2.82716049382716,0.518518518518518,4.72839506172839,0.45679012345679,2.50617283950617,0.45679012345679,5.38271604938272,12.6049382716049,3.34567901234568,139,156,173,33,101,163,101,220,229,42,383,37,203,37,436,1021
"181","Myles Turner",0.477586206896552,"C",2380440,4.4,1.13333333333333,0.683333333333333,1.43333333333333,1.11666666666667,1.43333333333333,4.4,8.83333333333333,5.53333333333333,43,68,88,238,16,75,16,86,264,68,41,86,67,86,264,530
"182","Nerlens Noel",0.398210290827741,"PF",4384490,5.7910447761194,2.29850746268657,1.82089552238806,1.49253731343284,2.35820895522388,1.49253731343284,4.56716417910448,8.76119402985075,8.08955223880597,200,31,29,132,13,27,13,213,388,154,122,100,158,100,306,587
"183","Nick Young",0.339622641509434,"SG",5443918,1.53703703703704,0.259259259259259,0.62962962962963,0.12962962962963,0.555555555555556,0.12962962962963,2.33333333333333,6.88888888888889,1.7962962962963,250,241,235,243,220,241,220,5,83,14,34,7,30,7,126,372
"184","Nicolas Batum",0.412680756395996,"SG",20869566,5.32857142857143,0.785714285714286,5.75714285714286,0.614285714285714,2.92857142857143,0.614285714285714,5.31428571428571,12.4714285714286,6.11428571428571,168,41,125,23,70,64,70,235,373,55,403,43,205,43,372,873
"185","Nik Stauskas",0.374764595103578,"SG",2993040,2.19178082191781,0.315068493150685,1.89041095890411,0.273972602739726,1.28767123287671,0.273972602739726,2.87671232876712,7.46575342465753,2.50684931506849,229,201,220,126,156,208,156,112,160,23,138,20,94,20,210,545
"186","Nikola Jokic",0.507563025210084,"PF",1358500,4.7375,2.2625,2.3625,0.625,1.3,0.625,3.8375,7.5,7,17,58,31,92,67,45,67,114,379,181,189,50,104,50,307,600
"187","Nikola Mirotic",0.399665551839465,"PF",5782450,4.60606060606061,0.878787878787879,1.51515151515152,0.696969696969697,1.54545454545455,0.696969696969697,3.75757575757576,9.22727272727273,5.48484848484849,195,62,114,158,59,78,59,154,304,58,100,46,102,46,248,609
"188","Nikola Vucevic",0.500980392156863,"C",11750000,6.18461538461538,2.67692307692308,2.75384615384615,1.07692307692308,1.89230769230769,1.07692307692308,8.2,16.0923076923077,8.86153846153846,20,20,19,75,32,18,32,188,402,174,179,70,123,70,533,1046
"189","Norris Cole",0.39874739039666,"PG",288131,3.13333333333333,0.222222222222222,3.71111111111111,0.111111111111111,1.66666666666667,0.111111111111111,4.35555555555556,10.7555555555556,3.35555555555556,197,129,240,51,227,162,227,165,141,10,167,5,75,5,196,484
"190","Omri Casspi",0.45959595959596,"SF",3149524,5.10144927536232,0.840579710144927,1.3768115942029,0.246376811594203,1.36231884057971,0.246376811594203,4.33333333333333,9.01449275362319,5.94202898550725,65,49,117,176,169,70,169,123,352,58,95,17,94,17,299,622
"191","Patrick Beverley",0.422893481717011,"PG",6000000,2.49295774647887,1.02816901408451,3.36619718309859,0.366197183098592,1.28169014084507,0.366197183098592,3.63380281690141,8.36619718309859,3.52112676056338,145,178,100,59,120,153,120,111,177,73,239,26,91,26,258,594
"192","Patrick Patterson",0.399345335515548,"PF",6050000,3.35443037974684,0.974683544303797,1.18987341772152,0.40506329113924,0.822784810126582,0.40506329113924,2.58227848101266,6.24050632911392,4.32911392405063,196,116,104,189,111,114,111,39,265,77,94,32,65,32,204,493
"193","Pau Gasol",0.459016393442623,"C",15500000,8.86111111111111,2.15277777777778,4.08333333333333,2.02777777777778,2.27777777777778,2.02777777777778,6.48611111111111,13.8194444444444,11.0138888888889,67,4,34,45,4,6,4,206,638,155,294,146,164,146,467,995
"194","Paul George",0.409238776837996,"SF",18100000,5.97530864197531,0.975308641975309,4.06172839506173,0.358024691358025,3.2716049382716,0.358024691358025,7.46913580246914,17.8888888888889,6.95061728395062,178,26,103,46,122,47,123,240,484,79,329,29,265,29,605,1449
"195","Paul Millsap",0.452667814113597,"PF",20072033,6.59259259259259,2.44444444444444,3.2716049382716,1.71604938271605,2.35802469135802,1.71604938271605,6.18518518518519,13.1604938271605,9.03703703703704,73,16,23,62,7,16,7,212,534,198,265,139,191,139,501,1066
"196","Paul Pierce",0.355392156862745,"SF",3527920,2.55882352941176,0.176470588235294,1.04411764705882,0.25,0.852941176470588,0.25,2.11764705882353,5.83823529411765,2.73529411764706,245,175,245,204,168,196,167,43,174,12,71,17,58,17,144,397
"197","PJ Tucker",0.405217391304348,"SF",5300000,4.23170731707317,2.01219512195122,2.15853658536585,0.24390243902439,1.35365853658537,0.24390243902439,2.91463414634146,7.09756097560976,6.24390243902439,190,76,40,102,170,61,170,120,347,165,177,20,111,20,239,582
"198","Rajon Rondo",0.451030927835052,"PG",14000000,4.97222222222222,1.06944444444444,11.6527777777778,0.138888888888889,3.86111111111111,0.138888888888889,4.93055555555556,10.8611111111111,6.04166666666667,76,55,95,1,214,67,214,247,358,77,839,10,278,10,355,782
"199","Ramon Sessions",0.461805555555556,"PG",6000000,2.17073170731707,0.304878048780488,2.91463414634146,0.0609756097560976,1.40243902439024,0.0609756097560976,3.41463414634146,7.21951219512195,2.47560975609756,61,204,222,72,242,210,242,131,178,25,239,5,115,5,280,592
"200","Randy Foye",0.348659003831418,"SG",2500000,1.62962962962963,0.296296296296296,1.98765432098765,0.358024691358025,1.06172839506173,0.358024691358025,2.08641975308642,5.95061728395062,1.92592592592593,248,235,226,115,123,236,124,78,132,24,161,29,86,29,169,482
"201","Raul Neto",0.429256594724221,"PG",877800,1.27160493827161,0.209876543209877,2.14814814814815,0.0246913580246914,1.34567901234568,0.0246913580246914,2.22222222222222,5.16049382716049,1.48148148148148,125,247,242,103,250,247,250,119,103,17,174,2,109,2,180,418
"202","Raymond Felton",0.411451398135819,"PG",1551659,2.775,0.45,3.55,0.1875,1.5125,0.1875,3.4625,8.525,3.225,174,161,190,55,200,172,200,149,222,36,284,15,121,15,277,682
"203","Reggie Jackson",0.430015552099533,"PG",14956522,2.46835443037975,0.734177215189873,6.22784810126582,0.139240506329114,2.82278481012658,0.139240506329114,6.83544303797468,15.746835443038,3.20253164556962,123,179,133,15,213,173,213,231,195,58,492,11,223,11,540,1244
"204","Richard Jefferson",0.450928381962865,"SF",2500000,1.52702702702703,0.202702702702703,0.797297297297297,0.189189189189189,0.581081081081081,0.189189189189189,1.93243243243243,4.21621621621622,1.72972972972973,77,242,243,229,199,243,199,7,113,15,59,14,43,14,143,312
"205","Ricky Rubio",0.373720136518771,"PG",13400000,3.76315789473684,0.526315789473684,8.6578947368421,0.131578947368421,2.53947368421053,0.131578947368421,2.88157894736842,7.71052631578947,4.28947368421053,230,94,171,5,217,115,217,222,286,40,658,10,193,10,219,586
"206","Robert Covington",0.378031383737518,"SF",1015696,5.28358208955224,0.970149253731343,1.44776119402985,0.597014925373134,2.13432835820896,0.597014925373134,4.08955223880597,10.6268656716418,6.25373134328358,228,42,105,166,74,60,74,201,354,65,97,40,143,40,274,712
"207","Robin Lopez",0.510500807754443,"C",13219250,4.07317073170732,3.26829268292683,1.39024390243902,1.57317073170732,1.6219512195122,1.57317073170732,4.35365853658537,8.07317073170732,7.34146341463415,16,86,7,172,12,38,12,161,334,268,114,129,133,129,357,662
"208","Rodney Hood",0.416407061266874,"SG",1406520,2.89873417721519,0.481012658227848,2.69620253164557,0.20253164556962,1.58227848101266,0.20253164556962,5.16455696202532,12.3037974683544,3.37974683544304,158,150,181,77,192,161,192,158,229,38,213,16,125,16,408,972
"209","Rodney Stuckey",0.412371134020619,NA,7000000,2.36206896551724,0.327586206896552,2.44827586206897,0.137931034482759,1.31034482758621,0.137931034482759,3.1551724137931,7.63793103448276,2.68965517241379,169,186,216,88,215,200,215,116,137,19,142,8,76,8,183,443
"210","Roy Hibbert",0.407310704960835,"C",5000000,3.28395061728395,1.62962962962963,1.17283950617284,1.35802469135802,0.938271604938272,1.35802469135802,2.24691358024691,5.07407407407407,4.91358024691358,184,118,58,192,21,98,21,58,266,132,95,110,76,110,182,411
"211","Rudy Gay",0.429184549356223,"SF",13333333,5.04285714285714,1.47142857142857,1.71428571428571,0.728571428571429,1.98571428571429,0.728571428571429,6.65714285714286,14.3857142857143,6.51428571428571,126,53,62,145,55,54,55,194,353,103,120,51,139,51,466,1007
"212","Russell Westbrook",0.424587364826409,"PG",26540100,6.0125,1.8125,10.425,0.25,4.275,0.25,8.2,18.05,7.825,141,25,52,2,165,29,165,249,481,145,834,20,342,20,656,1444
"213","Ryan Anderson",0.419956140350877,"PF",18735364,4.01515151515152,1.98484848484848,1.10606060606061,0.378787878787879,1.36363636363636,0.378787878787879,6.01515151515152,14.0757575757576,6,153,89,41,197,117,68,117,124,265,131,73,25,90,25,397,929
"214","Serge Ibaka",0.452751817237799,"PF",12250000,5.02564102564103,1.80769230769231,0.846153846153846,1.8974358974359,1.38461538461538,1.8974358974359,5.33333333333333,11.1410256410256,6.83333333333333,72,54,53,223,5,50,5,127,392,141,66,148,108,148,416,869
"215","Shabazz Muhammad",0.426984126984127,"SF",3046299,2.03658536585366,1.21951219512195,0.634146341463415,0.0853658536585366,0.853658536585366,0.0853658536585366,3.86585365853659,8.30487804878049,3.25609756097561,128,211,77,241,234,166,234,44,167,100,52,7,70,7,317,681
"216","Shaun Livingston",0.489021956087824,"PG",5782450,1.62820512820513,0.538461538461538,3.03846153846154,0.346153846153846,1,0.346153846153846,2.6025641025641,4.85897435897436,2.16666666666667,29,236,169,68,129,228,129,70,127,42,237,27,78,27,203,379
"217","Shelvin Mack",0.43855421686747,"PG",2433334,2.21153846153846,0.25,3.59615384615385,0.0576923076923077,1.82692307692308,0.0576923076923077,3.5,7.98076923076923,2.46153846153846,106,198,238,53,243,211,243,179,115,13,187,3,95,3,182,415
"218","Spencer Hawes",0.390322580645161,"PF",5782450,3.3859649122807,0.894736842105263,1.91228070175439,0.473684210526316,1.01754385964912,0.473684210526316,2.17543859649123,5.36842105263158,4.28070175438596,213,115,112,122,99,116,99,71,193,51,109,27,58,27,124,306
"219","Stanley Johnson",0.37152209492635,"SF",2869440,3.3972602739726,0.794520547945205,1.61643835616438,0.164383561643836,1.56164383561644,0.164383561643836,3.08219178082192,8.21917808219178,4.19178082191781,233,113,124,153,202,119,202,156,248,58,118,12,114,12,225,600
"220","Stephen Curry",0.490409538621047,"PG",12112359,4.58227848101266,0.860759493670886,6.67088607594937,0.189873417721519,3.31645569620253,0.189873417721519,10.1898734177215,20.2278481012658,5.44303797468354,28,63,115,11,197,80,197,242,362,68,527,15,262,15,805,1598
"221","Steven Adams",0.544152744630072,"C",3140517,3.925,2.7375,0.775,1.1125,1.05,1.1125,3.2625,5.325,6.6625,7,91,17,231,30,52,30,76,314,219,62,89,84,89,261,426
"222","Taj Gibson",0.464203233256351,"PF",8950000,4.08219178082192,2.82191780821918,1.45205479452055,1.05479452054795,1.06849315068493,1.05479452054795,3.6027397260274,6.84931506849315,6.9041095890411,59,85,12,165,34,48,34,81,298,206,106,77,78,77,263,500
"223","Terrence Jones",0.420118343195266,NA,1207194,2.98,1.24,0.82,0.78,0.98,0.78,3.32,7.34,4.22,152,145,75,226,49,118,49,65,149,62,41,39,49,39,166,367
"224","Terrence Ross",0.405555555555556,"SF",10000000,2.24657534246575,0.287671232876712,0.767123287671233,0.342465753424658,0.63013698630137,0.342465753424658,3.6986301369863,8.57534246575342,2.53424657534247,188,195,228,232,132,206,132,12,164,21,56,25,46,25,270,626
"225","Thabo Sefolosha",0.486352357320099,"SF",4000000,3.76,0.693333333333333,1.42666666666667,0.493333333333333,0.906666666666667,0.493333333333333,2.50666666666667,4.94666666666667,4.45333333333333,33,95,144,168,92,111,92,51,282,52,107,37,68,37,188,371
"226","Thaddeus Young",0.502668089647812,"PF",12078652,6.63013698630137,2.41095890410959,1.86301369863014,0.506849315068493,1.86301369863014,0.506849315068493,6.78082191780822,13.1917808219178,9.04109589041096,19,15,25,128,88,15,88,184,484,176,136,37,136,37,495,963
"227","Tim Duncan",0.475308641975309,NA,5643750,5.44262295081967,1.88524590163934,2.67213114754098,1.27868852459016,1.47540983606557,1.27868852459016,3.52459016393443,7.22950819672131,7.32786885245902,48,37,49,79,25,39,25,147,332,115,163,78,90,78,215,441
"228","Timofey Mozgov",0.5,"C",16000000,2.98684210526316,1.44736842105263,0.434210526315789,0.75,0.934210526315789,0.75,2.67105263157895,4.72368421052632,4.43421052631579,22,144,66,246,54,112,54,57,227,110,33,57,71,57,203,359
"229","TJ Warren",0.484777517564403,"SF",2128920,1.91489361702128,1.21276595744681,0.936170212765957,0.340425531914894,0.680851063829787,0.340425531914894,4.70212765957447,9.38297872340426,3.12765957446809,36,221,79,216,133,177,133,19,90,57,44,16,32,16,221,441
"230","Tobias Harris",0.446308724832215,"SF",17200000,5.44736842105263,1.26315789473684,2.22368421052632,0.526315789473684,1.42105263157895,0.526315789473684,5.48684210526316,11.6973684210526,6.71052631578947,90,36,73,101,84,51,84,136,414,96,169,40,108,40,417,889
"231","Toney Douglas",0.41123595505618,NA,564868,1.9344262295082,0.409836065573771,2.57377049180328,0.0819672131147541,1.04918032786885,0.0819672131147541,3,7.29508196721311,2.34426229508197,176,218,200,83,235,219,235,75,118,25,157,5,64,5,183,445
"232","Tony Allen",0.425,"SG",5000000,3,1.625,1.09375,0.28125,1.21875,0.28125,3.359375,7.328125,4.625,137,140,59,198,152,108,152,102,192,104,70,18,78,18,215,469
"233","Tony Parker",0.487623762376238,"PG",14445313,2.20833333333333,0.236111111111111,5.26388888888889,0.152777777777778,1.81944444444444,0.152777777777778,4.86111111111111,9.86111111111111,2.44444444444444,32,199,239,25,205,214,205,178,159,17,379,11,131,11,350,710
"234","Tony Snell",0.357798165137615,"SG",2368327,2.8125,0.296875,0.984375,0.265625,0.8125,0.265625,1.96875,5.296875,3.109375,244,157,225,210,161,178,161,38,180,19,63,17,52,17,126,339
"235","Trevor Ariza",0.372663551401869,"SF",7800000,3.69135802469136,0.827160493827161,2.32098765432099,0.320987654320988,1.39506172839506,0.320987654320988,4.40740740740741,10.6049382716049,4.51851851851852,232,99,120,94,138,109,138,129,299,67,188,26,113,26,357,859
"236","Trevor Booker",0.414925373134328,"PF",9250000,3.62025316455696,2.10126582278481,1.05063291139241,0.518987341772152,1.0253164556962,0.518987341772152,2.40506329113924,4.91139240506329,5.72151898734177,162,103,38,203,85,72,85,72,286,166,83,41,81,41,190,388
"237","Trey Burke",0.413249211356467,"PG",3386597,1.46875,0.28125,2.3125,0.09375,1.25,0.09375,4.09375,9.90625,1.75,166,243,231,97,232,242,232,105,94,18,148,6,80,6,262,634
"238","Trey Lyles",0.421428571428571,"PF",2340600,3,0.7375,0.7375,0.225,0.8125,0.225,2.3875,5.45,3.7375,149,141,132,234,180,143,179,37,240,59,59,18,65,18,191,436
"239","Tristan Thompson",0.488943488943489,"C",15330435,5.73170731707317,3.26829268292683,0.75609756097561,0.621951219512195,0.74390243902439,0.621951219512195,3.01219512195122,5.1219512195122,9,30,32,6,233,69,17,68,25,470,268,62,51,61,51,247,420
"240","Ty Lawson",0.389784946236559,"PG",1315448,1.42424242424242,0.393939393939394,3.59090909090909,0.106060606060606,1.43939393939394,0.106060606060606,2.10606060606061,5.36363636363636,1.81818181818182,214,244,203,54,229,240,229,140,94,26,237,7,95,7,139,354
"241","Tyreke Evans",0.431309904153355,"SG",10203755,4.36,0.8,6.56,0.32,2.92,0.32,5.44,12.56,5.16,118,70,122,12,139,88,139,233,109,20,164,8,73,8,136,314
"242","Victor Oladipo",0.427505330490405,"SG",6552960,4.125,0.666666666666667,3.91666666666667,0.75,2.125,0.75,5.90277777777778,13.4722222222222,4.79166666666667,127,84,147,49,52,100,53,200,297,48,282,54,153,54,425,970
"243","Vince Carter",0.371191135734072,"SG",4264057,1.91666666666667,0.516666666666667,0.933333333333333,0.266666666666667,0.583333333333333,0.266666666666667,2.21666666666667,5.71666666666667,2.43333333333333,234,220,174,217,159,215,159,8,115,31,56,16,35,16,133,343
"244","Wayne Ellington",0.383093525179856,"SG",6000000,2.02631578947368,0.263157894736842,1.09210526315789,0.0657894736842105,0.592105263157895,0.0657894736842105,2.86842105263158,7.38157894736842,2.28947368421053,222,212,233,199,239,220,239,9,154,20,83,5,45,5,218,561
"245","Wesley Johnson",0.385518590998043,"SF",5628000,2.6375,0.4625,0.6125,0.7,0.675,0.7,2.6,6.4375,3.1,219,171,186,244,58,179,58,17,211,37,49,56,54,56,208,515
"246","Wesley Matthews",0.383351588170865,"SG",17145838,2.70512820512821,0.346153846153846,1.93589743589744,0.217948717948718,1,0.217948717948718,4.24358974358974,10.9487179487179,3.05128205128205,221,166,211,119,185,181,185,69,211,27,151,17,78,17,331,854
"247","Will Barton",0.407643312101911,"SG",3533333,5.08536585365854,0.719512195121951,2.47560975609756,0.475609756097561,1.69512195121951,0.475609756097561,5.18292682926829,11.9878048780488,5.80487804878049,182,50,134,87,98,71,98,170,417,59,203,39,139,39,425,983
"248","Zach LaVine",0.424944812362031,"PG",2240880,2.45121951219512,0.329268292682927,3.0609756097561,0.207317073170732,1.89024390243902,0.207317073170732,5.28048780487805,11.6951219512195,2.78048780487805,138,183,214,66,190,194,190,187,201,27,251,17,155,17,433,959
"249","Zach Randolph",0.46797520661157,"PF",10000000,5.14705882352941,2.63235294117647,2.08823529411765,0.191176470588235,1.54411764705882,0.191176470588235,6.33823529411765,13.3382352941176,7.77941176470588,57,48,20,106,196,30,196,153,350,179,142,13,105,13,431,907
"250","Zaza Pachulia",0.452479338842975,"C",2898000,6.17105263157895,3.27631578947368,1.68421052631579,0.289473684210526,1.56578947368421,0.289473684210526,2.88157894736842,6.18421052631579,9.44736842105263,74,21,5,148,148,13,148,157,469,249,128,22,119,22,219,470
